97
49
92
47
22
41
41
89
16
89
34
33
95
63
76
83
47
32
81
89
86
27
24
85
43
12
92
86
88
99
42
78
95
55
67
84
21
57
77
21
45
22
12
83
61
52
76
26
12
33
56
49
37
73
64
39
64
11
32
77
28
13
18
58
12
29
57
11
89
39
91
47
66
37
57
46
36
42
18
54
24
83
99
53
91
29
84
69
95
86
92
73
22
18
87
81
95
81
31
42
35
69
32
15
36
21
85
22
42
81
77
19
81
38
21
58
42
89
14
32
87
23
51
56
61
65
86
27
13
35
32
74
66
37
77
57
17
97
99
94
73
52
26
47
63
83
65
33
37
41
38
68
93
48
96
61
63
77
11
66
44
84
23
22
75
74
63
22
78
87
64
46
39
13
29
71
68
78
34
81
84
45
28
95
78
36
78
75
53
69
42
18
32
61
79
28
88
54
55
34
65
17
11
51
99
64
35
38
23
28
68
45
33
45
22
33
76
39
62
81
61
63
71
45
66
39
33
64
25
41
24
71
43
47
14
68
67
43
32
67
74
59
61
82
49
96
32
47
87
74
37
22
78
86
91
34
49
11
33
63
35
88
61
97
54
16
32
83
25
27
44
75
81
96
71
22
35
48
95
46
23
42
12
77
28
63
11
47
54
68
87
89
75
63
94
65
38
86
91
47
82
84
12
93
69
12
23
85
64
33
49
58
58
81
86
84
17
56
98
33
65
47
17
19
86
74
28
96
89
92
87
36
52
96
81
28
84
52
46
97
78
45
65
18
78
45
35
25
77
75
71
46
55
76
78
41
85
65
47
87
64
16
22
58
63
56
94
66
87
75
76
22
78
95
55
44
26
78
22
28
22
35
44
21
29
29
69
95
49
36
36
41
62
19
19
78
87
67
35
44
96
81
16
88
81
95
53
94
83
61
25
24
66
21
29
64
86
14
81
43
54
67
68
53
14
71
52
65
66
26
92
46
77
22
21
51
99
61
42
44
18
49
83
15
57
89
98
69
46
85
61
11
95
26
12
15
46
19
55
81
17
72
12
44
73
24
13
82
12
26
99
39
84
97
95
49
64
94
45
85
26
78
86
22
24
86
19
72
29
24
18
17
34
77
13
22
53
27
87
22
89
57
48
29
72
52
41
87
63
14
93
22
12
14
83
62
75
41
18
27
84
65
47
94
22
99
73
18
91
89
48
13
31
33
76
44
78
68
45
18
51
88
38
22
63
86
43
63
48
33
46
63
71
24
76
48
37
32
55
25
82
67
12
86
97
73
98
82
77
27
42
46
58
78
14
68
95
88
39
88
88
11
92
59
13
94
31
58
44
46
99
98
19
59
22
59
43
92
85
71
88
72
78
87
87
62
17
54
79
47
33
32
18
85
35
41
44
84
21
36
67
41
11
22
42
18
22
19
43
24
15
11
95
29
38
29
56
34
74
53
43
49
99
39
85
51
26
44
12
45
81
17
96
26
62
11
11
14
14
93
77
27
18
11
72
91
98
55
37
41
77
48
77
12
76
24
76
76
36
33
82
36
61
42
57
76
63
44
84
97
53
83
91
66
52
57
52
89
26
44
99
49
76
97
53
89
61
62
77
66
62
38
24
34
25
15
93
26
77
19
51
85
16
65
49
57
15
25
13
63
77
87
76
95
89
99
82
77
49
94
18
47
54
99
45
75
53
44
63
37
46
99
23
71
85
91
52
48
26
84
38
82
37
35
26
83
49
37
16
17
33
56
99
75
58
47
91
21
86
95
11
44
32
62
69
79
77
55
33
27
12
33
98
12
43
86
55
64
56
97
55
65
67
66
67
88
57
74
75
33
32
16
83
52
42
49
35
64
26
33
39
38
28
86
94
75
56
13
46
63
38
58
61
88
63
89
22
56
99
32
33
53
38
28
45
36
79
91
76
27
71
31
54
48
75
65
28
99
98
56
34
22
45
82
99
19
27
27
45
61
85
55
43
99
92
45
74
75
96
83
77
57
99
27
38
83
59
11
22
79
11
58
86
43
54
45
15
26
52
57
92
69
79
41
79
53
39
32
21
27
33
55
57
53
31
42
99
49
47
89
76
97
79
54
42
16
83
73
56
52
82
85
13
22
28
74
98
45
27
21
47
75
59
39
75
25
99
77
64
88
89
22
56
68
78
14
77
22
25
66
49
86
24
64
73
62
76
78
92
71
22
37
19
38
26
79
97
12
98
48
33
66
16
19
69
31
34
13
75
33
72
22
59
33
64
45
63
11
24
85
54706
